x1 = 0.03125;
x2 = 10000;
x3 = 0.2;

